0.5 2
7.46483 1.36985
3.05616 4.93056
7.95862 0.549015
7.30251 3.20428
4.28489 6.06997
7.95791 8.53225
1.55183 1.68047
3.69933 4.5983
3.64403 5.28762
9.08826 6.39302
7.53304 7.83848
1.35803 4.4759
6.37831 0.329343
5.26219 1.65118
1.40896 0.417414
5.46998 4.01444
0.704179 5.13421
0.606227 8.85039
8.4863 9.28187
0.451086 1.40171
8.5437 4.04084
4.37221 3.70634
2.48745 6.55448
1.14822 8.13093
6.58387 5.08385
4.18564 8.10875
3.78776 0.898374
8.96772 0.433797
0.827246 3.52988
6.7684 6.5612
4.16725 9.02195
1.92062 9.90893
9.30767 3.92668
5.68159 0.501726
2.50512 3.6055
7.62786 1.47564
1.13854 5.49491
2.9466 3.57386
5.94621 7.87636
8.03709 9.31024
7.14154 7.88638
6.40929 0.938565
4.46032 4.56701
7.73299 8.44567
6.45902 6.71012
6.99514 7.32785
9.22799 4.85979
8.42046 2.69908
3.44044 3.48409
7.13734 7.24322
6.87217 0.618836
0.774538 7.65196
6.42944 9.62634
9.86515 3.56212
8.50851 2.52581
1.22879 2.35617
0.179208 1.94268
0.585339 7.7986
0.999141 2.55482
8.78366 6.96759
4.24096 7.78054
7.49708 3.42254
2.64002 0.868673
9.77911 7.53106
4.56616 3.44392
2.01359 2.48597
1.64526 1.88376
0.403823 7.04949
0.814316 6.21454
7.79739 0.687443
3.84863 3.84702
6.86671 8.75737
5.19385 3.07506
2.6115 1.47092
1.74277 0.672423
1.4148 8.51305
8.79119 3.56678
6.87121 4.36026
2.85807 5.59958
2.05888 3.63967
1.86188 2.60595
8.15704 5.37936
0.859838 1.30537
9.41371 6.22301
0.137209 6.06334
6.5205 0.11284
6.49464 5.46055
5.50831 8.24234
8.9967 7.4549
4.56151 5.30866
2.66727 8.74735
6.77469 2.22001
1.66079 2.8895
3.81564 9.4102
7.1484 3.18164
3.75061 6.52723
3.08977 9.71236
5.64067 2.79568
7.07662 6.8142
6.2487 1.87269
4.2314 7.19119
2.30679 0.260368
5.99658 4.59654
4.04525 8.58051
2.65209 3.6996
9.13486 9.52293
1.91263 5.63723
4.92219 7.2254
7.25027 5.29117
8.63754 1.11545
7.30856 4.96226
0.714056 1.13283
9.45417 6.18705
5.75492 2.95782
2.01617 5.7092
4.59548 6.28902
9.59291 7.96525
2.03979 2.80963
1.48977 8.4987
7.73354 7.61552
4.02387 9.24192
9.00871 9.38924
4.94825 5.15482
7.05463 7.12594
5.7189 7.5282
6.52384 6.10065
3.63119 9.47815
9.30306 6.5393
6.0863 2.4077
6.24116 5.17895
2.62467 2.89918
6.45221 2.25511
1.55075 3.52658
1.27671 7.60504
7.97103 9.05907
5.73884 2.64214
6.51309 5.48143
6.41047 0.726992
8.54999 9.73181
2.48605 3.11177
9.43451 5.7291
8.91121 0.739263
4.78688 3.01757
6.35809 0.409151
6.60186 7.48599
6.99717 1.48041
1.19714 0.252674
6.69315 1.71435
3.15856 5.83944
3.41151 7.31309
1.03762 9.31454
9.55064 7.61001
1.51392 4.44011
4.97482 1.82137
1.69953 4.07426
6.04803 9.30179
5.20595 6.43724
0.752303 3.95206
2.2602 7.10581
7.27296 6.64103
5.73318 7.61421
2.0587 0.547232
7.33565 0.274988
1.73041 3.06084
3.51654 2.56617
9.59813 5.83417
4.93324 2.88746
9.52941 0.77563
6.01661 1.1647
5.07092 6.98621
7.21238 8.42882
3.1882 4.07557
8.16543 6.40646
3.40253 6.29656
6.2929 4.80221
0.816064 5.58432
5.70882 8.11188
6.43919 3.47584
8.43647 1.6773
0.450903 8.31836
6.60131 8.21205
9.97973 9.39782
9.13681 2.38703
8.81572 5.72593
5.62366 6.77038
9.71754 2.69134
3.41338 8.61802
2.98255 7.71095
7.97282 9.26596
2.93209 9.61185
6.32176 9.89396
7.85479 5.53907
5.17716 2.51867
1.22801 9.23511
4.44663 4.50791
4.46617 2.86973
1.54408 1.31484
8.50854 2.95727
2.90706 8.87758
5.56098 3.40048
1.80528 1.36829
6.81098 2.16567
8.40301 9.43712
9.66555 8.90007
3.45753 0.762481
5.01168 1.33422
4.18012 5.23589
9.57871 9.44569
3.79323 2.76829
6.60921 1.06444
9.98733 7.07392
1.36671 0.259085
4.43486 6.67483
3.82655 2.88056
3.58535 8.95167
0.746739 0.439312
3.52159 7.36198
2.86368 9.92619
9.41208 8.78094
1.29837 1.78581
4.04393 6.38227
6.76207 0.100043
1.41968 0.49677
9.21408 1.11048
3.77115 1.65767
0.401797 3.0087
7.20479 0.865654
9.04859 9.58832
0.867691 3.2888
4.78069 9.04019
8.44296 0.789023
1.10119 7.698
0.348027 9.2908
0.423887 4.267
5.53027 7.19382
6.55912 9.11435
4.94566 1.69147
8.52506 0.749399
5.14377 1.3136
7.63052 6.17673
2.3693 0.853159
9.0401 6.92707
3.23484 7.90633
1.75395 8.66181
9.086 8.35217
4.95999 2.60942
6.52681 6.04173
3.35725 5.26777
5.41938 3.54097
3.11895 0.219566
0.25191 3.85313
9.50375 9.51091
9.8465 0.154143
0.682404 9.16981
7.0714 9.07426
1.09801 4.17057
4.74593 4.91834
2.47111 2.00646
2.64007 1.65702
9.58051 9.65517
4.39395 9.08775
7.77243 1.29016
3.68819 7.41072
2.01923 7.21376
1.62547 9.35386
0.246081 5.87794
0.5491 8.72448
2.305 0.215875
8.21244 6.43727
1.22682 9.08815
4.61088 5.0633
8.95056 2.13649
8.04826 7.182
7.79978 0.977513
9.06661 2.48963
3.15935 9.1679
4.89548 8.28889
1.38529 2.5752
1.42414 5.53232
1.70404 9.80518
5.67047 3.52937
8.16949 4.67799
3.0437 5.5355
5.22921 7.26131
0.917384 8.47361
5.92753 4.07003
4.93756 5.64334
7.69243 6.75209
2.3055 8.59549
4.40682 5.49969
3.33656 7.64158
2.02209 5.26344
2.61427 8.00526
4.38502 9.02134
1.71519 7.26394
5.07963 3.32765
7.85935 2.10194
7.26647 7.592
8.70058 0.633194
2.09954 6.93406
0.75458 2.23318
3.04334 9.41826
2.66324 1.02938
0.80127 6.9455
3.04832 3.0571
0.697566 3.98661
3.03111 3.85828
6.08077 9.46166
2.15379 8.81651
9.07145 3.86
4.96578 9.9225
7.38458 2.6179
9.09758 3.09775
3.94218 6.29898
7.00849 1.72974
1.72004 8.68464
2.67404 2.62447
9.4688 2.12429
2.88633 0.611431
6.31875 9.27575
7.47931 4.77698
6.65142 0.495618
9.84656 1.12305
5.06058 3.1087
7.95774 5.65825
8.24527 8.29406
8.19788 1.81338
7.45163 9.56366
6.38693 5.16687
9.60779 8.20559
1.27788 7.3815
0.807886 8.14772
8.75719 2.17436
4.48102 2.52214
9.66352 4.8149
4.02875 1.13142
5.71663 9.44486
9.7006 7.93469
8.32975 8.11789
7.33361 6.02547
0.00807509 5.71801
2.56873 2.56482
6.9757 0.596033
7.52522 6.33513
4.51898 0.489181
1.67166 5.546
1.638 9.78278
9.11731 4.6287
4.61665 2.00721
5.17087 6.80962
9.26188 4.38139
8.01777 4.64098
0.907455 1.58834
5.16358 4.20641
7.1955 4.76708
0.241135 2.76002
7.66995 8.85749
7.82795 4.29042
9.10343 1.32237
5.00614 8.22703
1.72969 0.959863
2.41927 0.729097
3.93716 1.78703
4.61852 3.44276
2.48148 6.25885
2.55476 7.92252
3.86476 4.98736
2.50652 7.11795
1.34327 6.3209
5.38388 6.79558
3.27172 7.83257
2.0605 0.896562
8.51665 9.26156
8.97149 3.83709
0.0180633 3.59026
1.56315 1.81562
5.0859 8.74861
7.91951 3.12375
0.783977 6.29692
2.37164 0.202265
9.46981 9.14179
6.02212 3.71191
5.9926 7.70143
7.95488 7.64958
6.51449 9.01454
7.38564 0.3703
3.63167 7.53798
0.863424 1.56826
7.75166 2.09181
6.98002 3.13607
7.87605 2.7168
1.23723 4.19957
2.1132 6.56897
4.67329 4.00066
9.12113 8.82927
3.56194 5.58176
2.65455 5.06251
5.55284 6.5431
9.96536 7.78066
9.54908 1.31521
4.79945 4.34676
6.02109 6.44013
9.19408 4.98404
6.73824 9.61635
2.05496 7.66236
1.20792 1.51115
7.92041 8.30823
6.4544 9.07489
1.5981 9.21328
7.51435 3.69483
8.97984 4.21962
9.10852 6.92711
4.01747 1.68515
2.28617 3.67501
5.80974 4.27081
9.42161 9.08111
6.16739 5.33132
3.565 6.90498
1.95399 0.752025
9.28246 0.2389
5.19032 3.67175
1.06882 3.73466
8.44395 7.42538
8.34669 2.81929
3.76045 1.95202
7.58708 6.0668
4.68162 3.97778
4.55416 1.81043
7.93944 8.10839
7.76897 3.07778
8.25074 0.136343
1.51099 5.15723
7.57675 2.43934
8.05931 2.79726
3.48295 7.94215
3.71789 6.5908
1.54578 9.86504
1.78279 3.39238
5.65581 7.1213
7.72475 9.8082
6.34918 0.691959
9.76073 8.56925
3.3575 9.47147
6.99615 4.27163
3.27781 0.158125
7.61007 2.45739
1.32047 3.19641
2.09477 6.79
9.60417 7.27652
6.44341 4.38768
3.66585 1.92774
9.59571 5.13267
4.77373 2.07306
1.99933 2.79143
5.63056 2.8154
8.37897 5.26987
0.725463 2.86471
7.18028 8.9352
3.83031 5.96571
5.76508 3.6557
1.41362 8.70552
3.74931 4.725
3.01182 9.74211
5.62217 1.79174
3.7129 2.74503
5.65233 8.70309
2.84346 0.113842
3.34247 6.85709
7.0854 4.38133
7.02867 0.895312
7.50684 7.38466
4.04011 2.14445
1.6969 9.84416
0.761366 6.27183
0.677397 5.01639
0.427504 5.06709
2.62199 7.81193
5.14698 5.33026
5.65975 3.43789
0.541821 6.39371
9.06903 3.22283
6.0469 0.18385
9.95859 3.9804
8.55605 1.4552
7.5182 8.3991
3.69718 8.55271
5.3147 4.0794
2.52167 1.63836
5.96694 6.33137
1.28614 6.19139
8.6952 0.151131
0.0540129 7.79521
4.02239 4.30335
6.47755 8.14217
5.47587 3.00815
7.98658 0.397268
6.87589 3.11693
6.30478 4.40077
3.74993 5.02207
5.96431 2.10847
